apple_juice [214.91073754729857, 203.59320141430433, 193.5100179889585] 
apple_juice [135.60415655761662, 144.78014341372332, 146.60356916860334] 
apple_juice [128.79612058749322, 91.94653383590865, 89.23935531718058] 
apple_juice [77.39924576549524, 120.77416365598461, 109.23530826256275] 
apple_juice [44.036936683622606, 81.62162691819398, 65.90900880175182] 
apple_juice [93.0156961894688, 35.34188230437811, 42.69455122416862] 
apple_juice [29.68004031290493, 19.33445313624802, 27.697509238374046] 
apple_juice [1.0001117370454864, 0.27315983053214765, 0.6353787420270962] 
blue_bowl [3.1321036545994576, 130.44779820068013, 134.10026258017305] 
blue_bowl [1.2407906903317472, 118.40105771182427, 125.31234523353105] 
blue_bowl [2.143866553664611, 99.72769427099063, 124.64287129130825] 
blue_bowl [5.382612978360279, 88.91568135878431, 113.60011491933415] 
blue_bowl [0.0008614501076812635, 9.497200287150037, 17.408327351040917] 
blue_bowl [0.15896874377861836, 5.250348397372089, 9.845411108899064] 
blue_bowl [0.8358406306913155, 0.9718084973679615, 2.9608312751041588] 
blue_bowl [0.11288855404877504, 0.09714548802946593, 0.006253139126067303] 
blue_mug [42.90656581313163, 94.24680699361399, 102.65761981523963] 
blue_mug [2.8846849186451853, 86.63367110480738, 96.48765194722175] 
blue_mug [1.5537323866989852, 69.86576644719878, 80.38823182227112] 
blue_mug [46.037456693360596, 61.493638893621856, 64.30274890668484] 
blue_mug [45.61981118108622, 45.30143834914416, 44.252730357935974] 
blue_mug [33.748576736381615, 38.11517948103314, 39.335980104272785] 
blue_mug [2.008851655733818, 6.292104639215996, 10.433652098316605] 
blue_mug [0.2152490625200561, 0.2506807617196454, 0.41602105089438796] 
blue_lego [107.20321551010758, 154.59628797730227, 168.2490838160539] 
blue_lego [12.199711959488496, 106.00709648195682, 125.81944041161918] 
blue_lego [3.189523213136426, 91.40913334145083, 110.22323980819519] 
blue_lego [1.9018882730884301, 77.19596350973565, 97.93295404384718] 
blue_lego [0.00019004180919802356, 9.14994298745724, 17.615735461801595] 
blue_lego [0.14326435810810811, 5.055954391891892, 9.875633445945946] 
blue_lego [0.8678625344107983, 0.893378326377172, 2.9518396826806383] 
blue_lego [0.12559152189189518, 0.12446229898410557, 0.007664905133089887] 
blue_spoon [88.34075165806927, 154.56182756079588, 163.19764185703758] 
blue_spoon [19.179940249223634, 122.11437163410511, 125.85824914501356] 
blue_spoon [2.1966187294461554, 101.54600146160672, 118.23029440935429] 
blue_spoon [6.378644314868804, 84.23051693204755, 107.6855376766091] 
blue_spoon [0.0006575702778234424, 9.65526878185106, 15.842511918461286] 
blue_spoon [0.2261867501304121, 5.090975482524779, 8.845070422535212] 
blue_spoon [0.9051801297829493, 0.8667487133586932, 2.799843365406131] 
blue_spoon [0.05412711120042264, 0.05320662619557714, 0.0032379032388755824] 
chocolate_cookies [184.96881742792525, 189.1267060077469, 141.7570514986872] 
chocolate_cookies [126.77368451108164, 132.84240147712924, 92.54606828550217] 
chocolate_cookies [69.5419765233508, 98.87515731185502, 70.71304792195806] 
chocolate_cookies [10.392561955244679, 117.85619825678297, 45.490915052323835] 
chocolate_cookies [1.416414197974749, 81.02692475450613, 29.340968300934822] 
chocolate_cookies [29.58755268487602, 39.59157589359023, 45.316875581586295] 
chocolate_cookies [7.891780620496986, 16.012008038033624, 29.5983923932755] 
chocolate_cookies [0.12226842895688031, 0.24814183169576948, 0.4307609581021229] 
orange_juice [110.21541829914727, 118.11216102020435, 124.4751862948452] 
orange_juice [143.92756020589252, 102.97933446290482, 68.6519019360641] 
orange_juice [140.8609206257956, 53.27828450293598, 26.151398185028537] 
orange_juice [98.4900721015368, 53.290069314106255, 40.67436307212012] 
orange_juice [29.3360644697854, 53.77974319834785, 36.06620948190716] 
orange_juice [67.24242066420665, 24.032870848708487, 18.883129151291513] 
orange_juice [16.51978059135139, 16.428673404215353, 14.950633054063193] 
orange_juice [0.7328484486179956, 0.35656462500311353, 1.0840785114703464] 
orange_knife [208.74875710227272, 167.98828125, 134.7228338068182] 
orange_knife [157.79744011132038, 77.36769310125595, 67.55736957643079] 
orange_knife [165.36966204895592, 54.7609823873156, 33.4608370257506] 
orange_knife [133.06584574004225, 37.5810122193387, 26.488038076426026] 
orange_knife [63.20195131192574, 5.3815477881974045, 17.272046983044426] 
orange_knife [35.365991607370916, 12.630055342699022, 34.56194125159642] 
orange_knife [5.880742416547394, 0.5016390415069948, 7.217553903688998] 
orange_knife [0.06814468685109035, 0.0526237906068561, 0.11229761237340623] 
red_lego [150.05001282928498, 89.08375384878549, 113.42349469722888] 
red_lego [176.86131443001628, 46.11768853110459, 53.74974042122265] 
red_lego [154.6997734924536, 7.015504980854719, 18.542739816790835] 
red_lego [112.14464877434357, 2.5618292801085167, 19.61089235539192] 
red_lego [51.05028328611898, 25.14589235127479, 55.86685552407932] 
red_lego [54.36491935483871, 7.905241935483871, 39.076108870967744] 
red_lego [5.570521390374331, 0.23877005347593583, 12.052606951871658] 
red_lego [0.27600300119768295, 0.1709704027849623, 0.461159189303806] 
red_mug [108.77345145737989, 119.79976016250214, 70.37962849661047] 
red_mug [135.8492381422744, 60.189778485064664, 81.73661490058352] 
red_mug [137.24732393727908, 12.624129883078039, 30.289513278346778] 
red_mug [109.39800302985627, 11.15452480614689, 30.55630340442171] 
red_mug [46.93815810152444, 108.35289957567186, 60.126512651265124] 
red_mug [46.568750736246905, 102.22286193897986, 18.79485216162092] 
red_mug [47.220828667413215, 16.20649496080627, 39.291228070175436] 
red_mug [0.9177096892627082, 0.2958735244707008, 1.3548946964387036] 
